#bradjc, brghena, ppannuto, samkuo, tzachari, wwhuang

07/08/2014 09:35:  1404826500000,0,0,0,1,0,0
07/08/2014 09:40:  1404826800000,0,0,0,1,0,0
07/08/2014 09:45:  1404827100000,0,0,0,1,0,0
07/08/2014 09:50:  1404827400000,0,0,0,1,0,0
07/08/2014 09:55:  1404827700000,0,0,0,1,0,0
07/08/2014 10:00:  1404828000000,0,0,0,1,0,0
07/08/2014 10:05:  1404828300000,0,0,0,1,0,0
07/08/2014 10:10:  1404828600000,0,0,0,0,0,0
07/08/2014 10:15:  1404828900000,0,0,0,0,0,0
07/08/2014 10:20:  1404829200000,0,0,0,1,0,0
07/08/2014 10:25:  1404829500000,0,0,0,1,0,0
07/08/2014 10:30:  1404829800000,0,0,0,1,0,0
07/08/2014 10:35:  1404830100000,0,0,0,1,0,0
07/08/2014 10:40:  1404830400000,0,0,0,1,0,0
07/08/2014 10:45:  1404830700000,0,1,0,1,0,0
07/08/2014 10:50:  1404831000000,0,1,0,1,0,0
07/08/2014 10:55:  1404831300000,0,1,0,1,0,0
07/08/2014 11:00:  1404831600000,0,1,0,1,0,0
07/08/2014 11:05:  1404831900000,0,1,0,1,0,0
07/08/2014 11:10:  1404832200000,0,1,0,1,0,0
07/08/2014 11:15:  1404832500000,0,1,0,1,0,0
07/08/2014 11:20:  1404832800000,0,1,0,1,0,0
07/08/2014 11:25:  1404833100000,1,1,0,1,0,0
07/08/2014 11:30:  1404833400000,1,1,0,0,0,0
07/08/2014 11:35:  1404833700000,1,1,0,1,0,0
07/08/2014 11:40:  1404834000000,1,1,0,1,0,0
07/08/2014 11:45:  1404834300000,1,1,0,1,0,0
07/08/2014 11:50:  1404834600000,1,1,0,1,0,0
07/08/2014 11:55:  1404834900000,1,1,0,1,0,0
07/08/2014 12:00:  1404835200000,1,1,0,1,0,0
07/08/2014 12:05:  1404835500000,1,1,0,1,0,0
07/08/2014 12:10:  1404835800000,1,1,0,1,0,0
07/08/2014 12:15:  1404836100000,1,1,0,1,0,0
07/08/2014 12:20:  1404836400000,1,1,0,1,0,0
07/08/2014 12:25:  1404836700000,1,1,0,1,0,0
07/08/2014 12:30:  1404837000000,1,1,0,0,0,0
07/08/2014 12:35:  1404837300000,1,1,0,0,0,0
07/08/2014 12:40:  1404837600000,1,1,0,0,0,0
07/08/2014 12:45:  1404837900000,1,1,0,0,0,0
07/08/2014 12:50:  1404838200000,1,1,0,0,0,0
07/08/2014 12:55:  1404838500000,1,1,0,0,0,0
07/08/2014 13:00:  1404838800000,1,1,0,0,0,0
07/08/2014 13:05:  1404839100000,1,1,0,0,0,0
07/08/2014 13:10:  1404839400000,1,1,0,1,0,0
07/08/2014 13:15:  1404839700000,1,1,0,1,0,0
07/08/2014 13:20:  1404840000000,1,1,0,1,0,0
07/08/2014 13:25:  1404840300000,1,1,0,1,0,0
07/08/2014 13:30:  1404840600000,1,1,0,1,0,0
07/08/2014 13:35:  1404840900000,1,1,0,1,0,0
07/08/2014 13:40:  1404841200000,1,1,0,1,0,0
07/08/2014 13:45:  1404841500000,0,1,0,1,0,0
07/08/2014 13:50:  1404841800000,0,1,0,1,0,0
07/08/2014 13:55:  1404842100000,0,1,0,1,0,0
07/08/2014 14:00:  1404842400000,0,1,0,1,0,0
07/08/2014 14:05:  1404842700000,1,1,0,1,0,0
07/08/2014 14:10:  1404843000000,1,1,0,1,0,0
07/08/2014 14:15:  1404843300000,1,1,0,0,0,0
07/08/2014 14:20:  1404843600000,1,1,0,1,0,1
07/08/2014 14:25:  1404843900000,1,1,0,0,0,0
07/08/2014 14:30:  1404844200000,1,1,0,0,0,1
07/08/2014 14:35:  1404844500000,1,1,0,1,0,0
07/08/2014 14:40:  1404844800000,1,1,0,0,0,1
07/08/2014 14:45:  1404845100000,1,1,0,0,0,1
07/08/2014 14:50:  1404845400000,1,1,0,0,0,1
07/08/2014 14:55:  1404845700000,1,1,0,1,0,0
07/08/2014 15:00:  1404846000000,1,1,0,1,0,0
07/08/2014 15:05:  1404846300000,1,1,0,1,0,1
07/08/2014 15:10:  1404846600000,1,1,0,1,0,1
07/08/2014 15:15:  1404846900000,1,1,0,1,0,1
07/08/2014 15:20:  1404847200000,1,1,0,1,0,1
07/08/2014 15:25:  1404847500000,1,1,0,1,0,1
07/08/2014 15:30:  1404847800000,1,1,0,1,0,1
07/08/2014 15:35:  1404848100000,1,1,0,1,0,1
07/08/2014 15:40:  1404848400000,1,1,0,1,0,1
07/08/2014 15:45:  1404848700000,1,1,0,1,0,1
07/08/2014 15:50:  1404849000000,1,1,0,1,0,1
07/08/2014 15:55:  1404849300000,1,1,0,0,0,1
07/08/2014 16:00:  1404849600000,1,1,0,1,0,1
07/08/2014 16:05:  1404849900000,1,1,0,1,0,1
07/08/2014 16:10:  1404850200000,1,1,0,1,0,0
07/08/2014 16:15:  1404850500000,1,1,0,1,0,0
07/08/2014 16:20:  1404850800000,1,1,0,1,0,1
07/08/2014 16:25:  1404851100000,1,1,0,1,0,1
07/08/2014 16:30:  1404851400000,1,1,0,1,0,1
07/08/2014 16:35:  1404851700000,1,1,0,1,0,1
07/08/2014 16:40:  1404852000000,1,1,0,1,0,1
07/08/2014 16:45:  1404852300000,1,1,0,1,0,1
07/08/2014 16:50:  1404852600000,1,1,0,1,0,1
07/08/2014 16:55:  1404852900000,1,1,1,1,0,1
07/08/2014 17:00:  1404853200000,1,1,0,1,0,1
07/08/2014 17:05:  1404853500000,0,1,0,0,0,1
07/08/2014 17:10:  1404853800000,0,1,0,1,0,1
07/08/2014 17:15:  1404854100000,0,1,0,1,0,1
07/08/2014 17:20:  1404854400000,0,1,0,1,0,1
07/08/2014 17:25:  1404854700000,0,1,0,1,0,1
07/08/2014 17:30:  1404855000000,0,1,0,1,0,0
07/08/2014 17:35:  1404855300000,0,1,0,1,0,0
07/08/2014 17:40:  1404855600000,0,1,0,1,0,0
07/08/2014 17:45:  1404855900000,0,1,0,1,0,0
07/08/2014 17:50:  1404856200000,0,1,0,0,0,0
07/08/2014 17:55:  1404856500000,0,1,0,1,0,0
07/08/2014 18:00:  1404856800000,0,1,0,1,0,0
07/08/2014 18:05:  1404857100000,0,1,0,1,1,0
07/08/2014 18:10:  1404857400000,0,1,0,1,1,0
07/08/2014 18:15:  1404857700000,0,1,0,1,1,0
07/08/2014 18:20:  1404858000000,0,1,0,1,1,0
07/08/2014 18:25:  1404858300000,0,1,0,1,1,0
07/08/2014 18:30:  1404858600000,0,1,0,1,1,0
07/08/2014 18:35:  1404858900000,0,1,0,0,1,0
07/08/2014 18:40:  1404859200000,0,1,0,0,1,0
07/08/2014 18:45:  1404859500000,0,1,0,0,1,0
07/08/2014 18:50:  1404859800000,0,1,0,0,1,0
07/08/2014 18:55:  1404860100000,0,1,0,0,1,0
07/08/2014 19:00:  1404860400000,0,1,0,0,1,0
07/08/2014 19:05:  1404860700000,0,1,0,0,1,0
07/08/2014 19:10:  1404861000000,0,0,0,0,1,0
07/08/2014 19:15:  1404861300000,0,0,0,0,1,0
07/08/2014 19:20:  1404861600000,0,0,0,0,1,0
07/08/2014 19:25:  1404861900000,0,0,0,0,1,0
07/08/2014 19:30:  1404862200000,0,0,0,0,1,0
07/08/2014 19:35:  1404862500000,0,1,0,0,1,0
07/08/2014 19:40:  1404862800000,0,1,0,0,1,0
07/08/2014 19:45:  1404863100000,0,1,0,0,1,0
07/08/2014 19:50:  1404863400000,0,1,0,0,0,0
07/08/2014 19:55:  1404863700000,0,1,0,0,0,0
07/08/2014 20:00:  1404864000000,0,1,0,0,0,0
07/08/2014 20:05:  1404864300000,0,1,0,0,0,0
07/08/2014 20:10:  1404864600000,0,1,0,0,0,0
07/08/2014 20:15:  1404864900000,1,1,1,0,0,0
07/08/2014 20:20:  1404865200000,0,1,0,0,0,0
07/08/2014 20:25:  1404865500000,1,1,1,0,0,0
07/08/2014 20:30:  1404865800000,0,1,0,0,0,0
07/08/2014 20:35:  1404866100000,0,1,0,0,0,0
07/08/2014 20:40:  1404866400000,0,1,0,0,0,0
07/08/2014 20:45:  1404866700000,1,1,1,0,0,0
07/08/2014 20:50:  1404867000000,1,1,0,0,0,0
07/08/2014 20:55:  1404867300000,1,1,0,0,0,0
07/08/2014 21:00:  1404867600000,1,1,0,0,0,0
07/08/2014 21:05:  1404867900000,1,1,0,0,0,0
07/08/2014 21:10:  1404868200000,0,1,0,0,0,0
07/08/2014 21:15:  1404868500000,0,1,0,0,0,0
07/08/2014 21:20:  1404868800000,0,0,0,0,0,0
07/08/2014 21:25:  1404869100000,0,0,0,0,0,0
07/08/2014 21:30:  1404869400000,0,0,0,0,0,0
07/08/2104 21:35:  1404869700000,0,0,0,0,0,0
