x   y   rssi
12  11  -66
6   10  -69
7   10  -66
1   4   -55
1   2   -55
3   4   -54
12  5   -70
11  8   -70
1   6   -65
7   4   -88
2   6   -60
3   5   -57
5   8   -64
8   7   -68
8   4   -69
4   1   -55
6   0   -53
4   12  -75
2   4   -58
9   12  -68
4   7   -59
2   2   -62
10  12  -65
2   11  -66
9   11  -69
5   6   -60
2   8   -65
12  1   -65
10  11  -66
8   3   -63
3   1   -56
11  3   -65
12  0   -85
7   7   -63
12  9   -75
3   10  -67
6   2   -59
12  8   -71
3   0   -73
12  10  -67
10  0   -65
9   2   -59
5   7   -65
2   9   -66
11  7   -80
10  8   -73
1   3   -50
2   3   -53
10  3   -63
9   0   -57
4   11  -68
6   3   -62
10  9   -71
1   11  -68
7   5   -72
8   5   -70
7   12  -68
3   8   -65
5   4   -64
5   1   -57
9   10  -69
12  7   -71
7   9   -62
9   6   -71
4   10  -65
4   8   -65
1   10  -68
6   1   -54
10  4   -63
10  7   -71
6   12  -70
1   8   -68
3   7   -68
2   7   -71
8   9   -70
5   11  -66
7   11  -71
11  11  -66
1   0   -73
12  6   -70
3   12  -68
8   0   -67
1   7   -65
11  0   -64
10  5   -68
6   9   -65
3   3   -63
6   7   -63
9   9   -68
7   6   -69
5   9   -65
8   12  -67
2   1   -69
11  2   -69
4   9   -65
2   10  -66
8   2   -63
12  2   -81
4   3   -65
9   1   -57
11  12  -69
4   4   -65
8   8   -68
9   7   -74
9   4   -68
3   2   -63
4   5   -59
6   11  -71
6   5   -65
5   2   -57
11  6   -76
11  10  -67
8   1   -62
6   6   -65
8   11  -67
3   9   -64
9   5   -67
6   8   -62
12  12  -67
10  10  -69
5   0   -63
7   0   -68
11  4   -67
7   1   -59
1   5   -57
8   10  -68
11  5   -71
5   5   -62
9   3   -60
1   1   -50
5   3   -66
1   9   -67
3   11  -67
4   2   -63
5   12  -73
8   6   -78
2   0   -78
10  2   -59
4   0   -72
7   3   -72
2   5   -61
6   4   -66
7   8   -64
11  9   -71
1   12  -76
12  3   -79
2   12  -73
4   6   -59
3   6   -62
9   8   -68
7   2   -61
12  4   -75
5   10  -67
11  1   -71
10  6   -77
