x   y   rssi
12  11  -67
6   10  -68
7   10  -71
1   4   -55
1   2   -49
3   4   -56
12  5   -70
11  8   -69
1   6   -73
7   4   -72
2   6   -62
3   5   -62
5   8   -64
8   7   -68
8   4   -69
4   1   -64
6   0   -53
4   12  -69
2   4   -58
9   12  -65
4   7   -65
2   2   -53
10  12  -68
2   11  -69
9   11  -61
5   6   -65
2   8   -71
12  1   -71
10  11  -66
8   3   -66
3   1   -56
11  3   -69
12  0   -77
7   7   -64
12  9   -73
3   10  -67
6   2   -57
12  8   -77
3   0   -51
12  10  -68
10  0   -64
9   2   -59
5   7   -62
2   9   -66
11  7   -80
10  8   -69
1   3   -54
2   3   -58
10  3   -63
9   0   -56
4   11  -73
6   3   -66
10  9   -69
1   11  -76
7   5   -65
8   5   -67
7   12  -64
3   8   -65
5   4   -64
5   1   -57
9   10  -69
12  7   -67
7   9   -66
9   6   -69
4   10  -68
4   8   -65
1   10  -68
6   1   -55
10  4   -68
10  7   -72
6   12  -68
1   8   -68
3   7   -65
2   7   -66
8   9   -68
5   11  -66
7   11  -64
11  11  -63
1   0   -51
12  6   -72
3   12  -73
8   0   -71
1   7   -67
11  0   -66
10  5   -75
6   9   -69
3   3   -53
6   7   -63
9   9   -69
7   6   -64
5   9   -67
8   12  -67
2   1   -70
11  2   -67
4   9   -65
2   10  -69
8   2   -63
12  2   -74
4   3   -65
9   1   -59
11  12  -66
4   4   -58
8   8   -65
9   7   -68
9   4   -67
3   2   -63
4   5   -59
6   11  -69
6   5   -64
5   2   -69
11  6   -74
11  10  -66
8   1   -69
6   6   -65
8   11  -67
3   9   -67
9   5   -71
6   8   -63
12  12  -66
10  10  -66
5   0   -63
7   0   -58
11  4   -69
7   1   -62
1   5   -65
8   10  -67
11  5   -76
5   5   -62
9   3   -63
1   1   -55
5   3   -63
1   9   -72
3   11  -72
4   2   -65
5   12  -73
8   6   -68
2   0   -50
10  2   -57
4   0   -55
7   3   -71
2   5   -62
6   4   -67
7   8   -65
11  9   -67
1   12  -75
12  3   -70
2   12  -74
4   6   -63
3   6   -60
9   8   -71
7   2   -70
12  4   -78
5   10  -73
11  1   -68
10  6   -69
