x   y   rssi
12  11  -68
6   10  -70
7   10  -69
1   4   -56
1   2   -48
3   4   -57
12  5   -69
11  8   -71
1   6   -65
7   4   -72
2   6   -70
3   5   -60
5   8   -62
8   7   -73
8   4   -67
4   1   -55
6   0   -54
4   12  -67
2   4   -59
9   12  -64
4   7   -63
2   2   -51
10  12  -64
2   11  -70
9   11  -67
5   6   -59
2   8   -67
12  1   -69
10  11  -65
8   3   -70
3   1   -54
11  3   -68
12  0   -90
7   7   -65
12  9   -72
3   10  -68
6   2   -62
12  8   -65
3   0   -51
12  10  -69
10  0   -65
9   2   -57
5   7   -63
2   9   -68
11  7   -73
10  8   -69
1   3   -57
2   3   -53
10  3   -67
9   0   -60
4   11  -73
6   3   -68
10  9   -68
1   11  -80
7   5   -69
8   5   -80
7   12  -67
3   8   -68
5   4   -63
5   1   -69
9   10  -65
12  7   -71
7   9   -65
9   6   -74
4   10  -69
4   8   -61
1   10  -71
6   1   -58
10  4   -69
10  7   -78
6   12  -64
1   8   -69
3   7   -65
2   7   -64
8   9   -71
5   11  -69
7   11  -65
11  11  -65
1   0   -50
12  6   -71
3   12  -73
8   0   -65
1   7   -67
11  0   -66
10  5   -77
6   9   -67
3   3   -54
6   7   -61
9   9   -71
7   6   -63
5   9   -65
8   12  -65
2   1   -63
11  2   -67
4   9   -63
2   10  -69
8   2   -59
12  2   -70
4   3   -59
9   1   -59
11  12  -66
4   4   -59
8   8   -70
9   7   -69
9   4   -67
3   2   -63
4   5   -58
6   11  -65
6   5   -67
5   2   -62
11  6   -69
11  10  -65
8   1   -59
6   6   -62
8   11  -66
3   9   -64
9   5   -74
6   8   -65
12  12  -69
10  10  -65
5   0   -57
7   0   -61
11  4   -74
7   1   -65
1   5   -65
8   10  -68
11  5   -70
5   5   -61
9   3   -61
1   1   -50
5   3   -65
1   9   -69
3   11  -67
4   2   -67
5   12  -74
8   6   -68
2   0   -47
10  2   -60
4   0   -53
7   3   -77
2   5   -60
6   4   -67
7   8   -62
11  9   -68
1   12  -77
12  3   -78
2   12  -74
4   6   -59
3   6   -65
9   8   -71
7   2   -70
12  4   -69
5   10  -71
11  1   -80
10  6   -71
