x   y   rssi
12  11  -67
6   10  -67
7   10  -67
1   4   -55
1   2   -49
3   4   -53
12  5   -69
11  8   -71
1   6   -65
7   4   -72
2   6   -61
3   5   -56
5   8   -62
8   7   -67
8   4   -66
4   1   -53
6   0   -54
4   12  -67
2   4   -57
9   12  -66
4   7   -62
2   2   -70
10  12  -66
2   11  -82
9   11  -68
5   6   -59
2   8   -66
12  1   -72
10  11  -65
8   3   -62
3   1   -54
11  3   -69
12  0   -88
7   7   -65
12  9   -72
3   10  -64
6   2   -58
12  8   -66
3   0   -74
12  10  -69
10  0   -65
9   2   -56
5   7   -63
2   9   -71
11  7   -73
10  8   -75
1   3   -49
2   3   -53
10  3   -68
9   0   -59
4   11  -72
6   3   -68
10  9   -69
1   11  -86
7   5   -66
8   5   -67
7   12  -64
3   8   -69
5   4   -63
5   1   -69
9   10  -65
12  7   -71
7   9   -65
9   6   -74
4   10  -64
4   8   -61
1   10  -72
6   1   -57
10  4   -68
10  7   -71
6   12  -63
1   8   -69
3   7   -65
2   7   -66
8   9   -71
5   11  -69
7   11  -69
11  11  -65
1   0   -71
12  6   -72
3   12  -68
8   0   -64
1   7   -65
11  0   -66
10  5   -73
6   9   -67
3   3   -60
6   7   -64
9   9   -71
7   6   -66
5   9   -65
8   12  -64
2   1   -63
11  2   -68
4   9   -63
2   10  -69
8   2   -59
12  2   -67
4   3   -59
9   1   -60
11  12  -63
4   4   -58
8   8   -72
9   7   -69
9   4   -67
3   2   -63
4   5   -58
6   11  -66
6   5   -67
5   2   -63
11  6   -70
11  10  -65
8   1   -59
6   6   -63
8   11  -65
3   9   -66
9   5   -81
6   8   -63
12  12  -67
10  10  -66
5   0   -57
7   0   -66
11  4   -73
7   1   -60
1   5   -64
8   10  -70
11  5   -76
5   5   -64
9   3   -60
1   1   -50
5   3   -69
1   9   -66
3   11  -67
4   2   -55
5   12  -73
8   6   -67
2   0   -47
10  2   -59
4   0   -53
7   3   -79
2   5   -60
6   4   -69
7   8   -64
11  9   -70
1   12  -77
12  3   -76
2   12  -73
4   6   -58
3   6   -65
9   8   -67
7   2   -65
12  4   -69
5   10  -67
11  1   -66
10  6   -73
