x   y   rssi
12  11  -67
6   10  -71
7   10  -69
1   4   -55
1   2   -48
3   4   -57
12  5   -71
11  8   -70
1   6   -64
7   4   -71
2   6   -69
3   5   -60
5   8   -62
8   7   -73
8   4   -66
4   1   -55
6   0   -54
4   12  -67
2   4   -59
9   12  -64
4   7   -65
2   2   -52
10  12  -64
2   11  -70
9   11  -67
5   6   -59
2   8   -66
12  1   -69
10  11  -66
8   3   -68
3   1   -54
11  3   -69
12  0   -88
7   7   -64
12  9   -72
3   10  -68
6   2   -62
12  8   -67
3   0   -51
12  10  -69
10  0   -65
9   2   -58
5   7   -64
2   9   -68
11  7   -72
10  8   -70
1   3   -57
2   3   -53
10  3   -67
9   0   -60
4   11  -73
6   3   -68
10  9   -69
1   11  -81
7   5   -68
8   5   -75
7   12  -67
3   8   -67
5   4   -64
5   1   -70
9   10  -66
12  7   -71
7   9   -65
9   6   -75
4   10  -69
4   8   -61
1   10  -72
6   1   -60
10  4   -71
10  7   -75
6   12  -63
1   8   -67
3   7   -65
2   7   -64
8   9   -70
5   11  -69
7   11  -65
11  11  -65
1   0   -50
12  6   -70
3   12  -73
8   0   -63
1   7   -66
11  0   -66
10  5   -76
6   9   -67
3   3   -54
6   7   -61
9   9   -69
7   6   -63
5   9   -65
8   12  -68
2   1   -62
11  2   -67
4   9   -65
2   10  -69
8   2   -58
12  2   -73
4   3   -59
9   1   -55
11  12  -66
4   4   -59
8   8   -70
9   7   -69
9   4   -67
3   2   -63
4   5   -58
6   11  -65
6   5   -67
5   2   -62
11  6   -67
11  10  -65
8   1   -64
6   6   -62
8   11  -66
3   9   -65
9   5   -89
6   8   -65
12  12  -69
10  10  -65
5   0   -57
7   0   -61
11  4   -72
7   1   -66
1   5   -65
8   10  -68
11  5   -70
5   5   -60
9   3   -61
1   1   -50
5   3   -65
1   9   -68
3   11  -68
4   2   -67
5   12  -74
8   6   -69
2   0   -47
10  2   -59
4   0   -53
7   3   -76
2   5   -60
6   4   -67
7   8   -62
11  9   -69
1   12  -78
12  3   -74
2   12  -72
4   6   -59
3   6   -65
9   8   -68
7   2   -70
12  4   -69
5   10  -71
11  1   -77
10  6   -72
