x   y   rssi
12  11  -67
6   10  -71
7   10  -71
1   4   -55
1   2   -55
3   4   -56
12  5   -71
11  8   -72
1   6   -71
7   4   -71
2   6   -62
3   5   -56
5   8   -63
8   7   -69
8   4   -70
4   1   -55
6   0   -53
4   12  -69
2   4   -57
9   12  -68
4   7   -65
2   2   -62
10  12  -68
2   11  -70
9   11  -61
5   6   -65
2   8   -65
12  1   -71
10  11  -66
8   3   -65
3   1   -56
11  3   -71
12  0   -75
7   7   -65
12  9   -73
3   10  -67
6   2   -57
12  8   -77
3   0   -74
12  10  -67
10  0   -64
9   2   -59
5   7   -63
2   9   -67
11  7   -79
10  8   -70
1   3   -54
2   3   -59
10  3   -63
9   0   -56
4   11  -70
6   3   -65
10  9   -71
1   11  -78
7   5   -68
8   5   -67
7   12  -64
3   8   -65
5   4   -64
5   1   -57
9   10  -69
12  7   -67
7   9   -66
9   6   -71
4   10  -66
4   8   -65
1   10  -69
6   1   -61
10  4   -68
10  7   -71
6   12  -68
1   8   -69
3   7   -68
2   7   -65
8   9   -69
5   11  -66
7   11  -71
11  11  -66
1   0   -51
12  6   -70
3   12  -72
8   0   -69
1   7   -68
11  0   -68
10  5   -76
6   9   -69
3   3   -63
6   7   -63
9   9   -69
7   6   -65
5   9   -66
8   12  -67
2   1   -70
11  2   -67
4   9   -66
2   10  -69
8   2   -63
12  2   -71
4   3   -65
9   1   -59
11  12  -66
4   4   -65
8   8   -64
9   7   -68
9   4   -68
3   2   -63
4   5   -59
6   11  -69
6   5   -64
5   2   -69
11  6   -77
11  10  -66
8   1   -68
6   6   -66
8   11  -67
3   9   -64
9   5   -70
6   8   -63
12  12  -67
10  10  -66
5   0   -63
7   0   -61
11  4   -69
7   1   -58
1   5   -65
8   10  -68
11  5   -72
5   5   -61
9   3   -63
1   1   -50
5   3   -63
1   9   -73
3   11  -72
4   2   -63
5   12  -73
8   6   -67
2   0   -51
10  2   -59
4   0   -55
7   3   -73
2   5   -61
6   4   -66
7   8   -66
11  9   -73
1   12  -79
12  3   -67
2   12  -74
4   6   -63
3   6   -60
9   8   -69
7   2   -61
12  4   -75
5   10  -72
11  1   -69
10  6   -69
