x   y   rssi
12  11  -69
6   10  -65
7   10  -67
1   4   -56
1   2   -52
3   4   -53
12  5   -68
11  8   -72
1   6   -65
7   4   -77
2   6   -61
3   5   -57
5   8   -64
8   7   -67
8   4   -67
4   1   -55
6   0   -72
4   12  -72
2   4   -57
9   12  -61
4   7   -62
2   2   -62
10  12  -65
2   11  -69
9   11  -68
5   6   -61
2   8   -64
12  1   -87
10  11  -65
8   3   -59
3   1   -57
11  3   -68
12  0   -76
7   7   -64
12  9   -66
3   10  -67
6   2   -55
12  8   -70
3   0   -84
12  10  -73
10  0   -69
9   2   -58
5   7   -63
2   9   -71
11  7   -67
10  8   -75
1   3   -48
2   3   -51
10  3   -58
9   0   -59
4   11  -68
6   3   -57
10  9   -70
1   11  -71
7   5   -68
8   5   -66
7   12  -63
3   8   -67
5   4   -61
5   1   -63
9   10  -72
12  7   -68
7   9   -66
9   6   -72
4   10  -65
4   8   -64
1   10  -73
6   1   -53
10  4   -61
10  7   -70
6   12  -69
1   8   -67
3   7   -64
2   7   -62
8   9   -65
5   11  -66
7   11  -69
11  11  -68
1   0   -69
12  6   -68
3   12  -73
8   0   -64
1   7   -64
11  0   -69
10  5   -71
6   9   -63
3   3   -62
6   7   -63
9   9   -75
7   6   -68
5   9   -65
8   12  -67
2   1   -47
11  2   -69
4   9   -63
2   10  -69
8   2   -59
12  2   -69
4   3   -71
9   1   -58
11  12  -65
4   4   -60
8   8   -65
9   7   -73
9   4   -69
3   2   -60
4   5   -59
6   11  -69
6   5   -65
5   2   -57
11  6   -73
11  10  -75
8   1   -71
6   6   -65
8   11  -68
3   9   -67
9   5   -67
6   8   -63
12  12  -67
10  10  -69
5   0   -63
7   0   -66
11  4   -67
7   1   -62
1   5   -58
8   10  -71
11  5   -70
5   5   -63
9   3   -60
1   1   -51
5   3   -63
1   9   -67
3   11  -69
4   2   -59
5   12  -65
8   6   -67
2   0   -76
10  2   -60
4   0   -75
7   3   -73
2   5   -59
6   4   -71
7   8   -64
11  9   -73
1   12  -67
12  3   -71
2   12  -85
4   6   -59
3   6   -65
9   8   -69
7   2   -66
12  4   -73
5   10  -65
11  1   -67
10  6   -75
