x   y   rssi
12  11  -67
6   10  -65
7   10  -69
1   4   -58
1   2   -52
3   4   -56
12  5   -68
11  8   -73
1   6   -65
7   4   -67
2   6   -61
3   5   -56
5   8   -64
8   7   -65
8   4   -66
4   1   -54
6   0   -57
4   12  -70
2   4   -58
9   12  -61
4   7   -63
2   2   -61
10  12  -64
2   11  -69
9   11  -67
5   6   -64
2   8   -63
12  1   -77
10  11  -66
8   3   -65
3   1   -57
11  3   -68
12  0   -65
7   7   -63
12  9   -69
3   10  -67
6   2   -59
12  8   -67
3   0   -82
12  10  -66
10  0   -61
9   2   -59
5   7   -65
2   9   -69
11  7   -71
10  8   -75
1   3   -56
2   3   -58
10  3   -60
9   0   -59
4   11  -73
6   3   -69
10  9   -69
1   11  -67
7   5   -71
8   5   -69
7   12  -67
3   8   -65
5   4   -62
5   1   -69
9   10  -67
12  7   -70
7   9   -67
9   6   -74
4   10  -65
4   8   -63
1   10  -71
6   1   -55
10  4   -61
10  7   -70
6   12  -65
1   8   -68
3   7   -65
2   7   -64
8   9   -68
5   11  -66
7   11  -69
11  11  -67
1   0   -50
12  6   -74
3   12  -70
8   0   -61
1   7   -65
11  0   -67
10  5   -77
6   9   -65
3   3   -63
6   7   -63
9   9   -73
7   6   -66
5   9   -67
8   12  -68
2   1   -62
11  2   -67
4   9   -65
2   10  -66
8   2   -59
12  2   -86
4   3   -60
9   1   -55
11  12  -69
4   4   -61
8   8   -67
9   7   -68
9   4   -69
3   2   -60
4   5   -59
6   11  -69
6   5   -65
5   2   -66
11  6   -87
11  10  -67
8   1   -63
6   6   -63
8   11  -65
3   9   -67
9   5   -83
6   8   -60
12  12  -67
10  10  -69
5   0   -63
7   0   -68
11  4   -67
7   1   -62
1   5   -64
8   10  -64
11  5   -70
5   5   -63
9   3   -59
1   1   -51
5   3   -65
1   9   -66
3   11  -71
4   2   -59
5   12  -66
8   6   -67
2   0   -48
10  2   -59
4   0   -55
7   3   -79
2   5   -61
6   4   -66
7   8   -66
11  9   -74
1   12  -67
12  3   -73
2   12  -82
4   6   -59
3   6   -62
9   8   -69
7   2   -65
12  4   -73
5   10  -69
11  1   -67
10  6   -75
