x   y   rssi
12  11  -67
6   10  -69
7   10  -69
1   4   -55
1   2   -49
3   4   -56
12  5   -69
11  8   -72
1   6   -65
7   4   -72
2   6   -61
3   5   -60
5   8   -64
8   7   -68
8   4   -66
4   1   -55
6   0   -54
4   12  -69
2   4   -58
9   12  -66
4   7   -63
2   2   -57
10  12  -65
2   11  -70
9   11  -67
5   6   -62
2   8   -66
12  1   -72
10  11  -66
8   3   -65
3   1   -56
11  3   -69
12  0   -76
7   7   -64
12  9   -72
3   10  -67
6   2   -59
12  8   -67
3   0   -51
12  10  -68
10  0   -64
9   2   -59
5   7   -63
2   9   -67
11  7   -72
10  8   -70
1   3   -54
2   3   -55
10  3   -63
9   0   -59
4   11  -72
6   3   -67
10  9   -69
1   11  -74
7   5   -68
8   5   -67
7   12  -67
3   8   -65
5   4   -64
5   1   -66
9   10  -68
12  7   -70
7   9   -66
9   6   -72
4   10  -66
4   8   -63
1   10  -71
6   1   -57
10  4   -68
10  7   -73
6   12  -67
1   8   -68
3   7   -65
2   7   -65
8   9   -68
5   11  -66
7   11  -68
11  11  -65
1   0   -51
12  6   -70
3   12  -72
8   0   -64
1   7   -67
11  0   -66
10  5   -74
6   9   -66
3   3   -54
6   7   -63
9   9   -70
7   6   -65
5   9   -66
8   12  -67
2   1   -62
11  2   -67
4   9   -65
2   10  -69
8   2   -59
12  2   -73
4   3   -62
9   1   -58
11  12  -66
4   4   -59
8   8   -67
9   7   -69
9   4   -68
3   2   -63
4   5   -59
6   11  -69
6   5   -65
5   2   -66
11  6   -70
11  10  -66
8   1   -63
6   6   -64
8   11  -66
3   9   -66
9   5   -72
6   8   -63
12  12  -67
10  10  -66
5   0   -63
7   0   -62
11  4   -69
7   1   -62
1   5   -64
8   10  -68
11  5   -72
5   5   -62
9   3   -60
1   1   -50
5   3   -65
1   9   -68
3   11  -69
4   2   -64
5   12  -73
8   6   -68
2   0   -48
10  2   -59
4   0   -55
7   3   -74
2   5   -61
6   4   -67
7   8   -64
11  9   -71
1   12  -77
12  3   -73
2   12  -74
4   6   -59
3   6   -62
9   8   -69
7   2   -68
12  4   -73
5   10  -69
11  1   -69
10  6   -73
